


X = [17.02 10.97 13.24 11.47 9.80 15.44 12.99;
    17.92 13.85 17.23 14.00 12.23 17.38 15.44;
    18.87 11.60 14.13 8.93 8.27 17.73 13.26 ;
    16.75 14.47 15.41 11.78 9.91 15.94 14.04 ;
    18.33 10.78 13.89 14.44 12.11 18.78 14.72];

S = [3.100 .101 -.279 -.083 -.009 1.557;
    .101 5.780 1.013 -.114 -1.014 .039;
    -.279 1.013 5.560 1.039 1.366 -.169;
    -.083 -.114 1.039 5.600 3.080 .258;
    -.009 -1.014 1.366 3.080 6.820 .222;
    1.557 .039 -.169 .258 .222 5.170];